851267073 927210477 115650
369127731 568186569 654327
324344473 366124878 228237
212333511 461339434 186846
232700124 310580940 824252
268266828 263748903 368363
440441304 919556892 495627
207617419 639857684 391492
390226493 977777179 916569
816987042 363199891 986762
708356638 982213671 197970
904829707 777812432 405860
197190660 952653984 751243
850866845 191793303 320792
373991740 578349092 528605
607835123 276888588 859148
676118303 290587768 362274
299982816 589010973 349834
528473693 733574653 287454
222348067 464020073 247950
944612057 445956546 381768
680554487 418901713 285762
478139641 213870171 117996
355105340 610016023 122342
645075029 156817487 386679
908675884 566920908 565115
391126651 785247697 739834
593919974 267949447 576350
814413745 730610779 296924
783674356 739713701 957198
837235039 404664906 378851
470992161 710965246 613312
835875826 439903285 102402
870503071 558773510 767564
646463347 736279068 876779
141745679 470923122 912125
623322314 150114975 308887
567801142 514603781 603532
268780383 654636074 220877
943173194 948703815 881837
594955522 187263156 143926
952103524 753593979 932019
295951956 514073505 240803
844609940 964410394 765906
883101985 186346231 608372
447075729 758417744 299109
867745690 718870087 755248
939251959 828426469 779089
742223345 377923179 193802
422087336 824684818 269717
418868945 755157834 653751
989401247 584719841 361265
243718091 178632781 834207
968686863 252065331 821012
473045178 883774124 637054
342471587 880483436 344094
847772611 984255143 224119
111071745 917265451 500045
367591818 436110377 621576
661934405 830426200 396074
826901955 587297773 255369
177371882 572130346 338920
876017901 508126809 197908
341859515 319315036 255006
368319596 526462982 269347
226477197 199599353 878982
154187306 200517650 891475
892146670 286135958 793489
110164078 111848275 618059
864100082 726181016 810749
914932011 942814729 420780
357912182 941275613 129943
627061790 629459888 676876
439048603 525040109 374871
923568460 803589248 391040
193279527 690951629 405841
670056473 951383390 777313
663690237 833769861 661017
305240609 450297927 820943
784205612 210084584 693145
827515793 356059691 725819
230930561 887227347 640925
116749437 900620110 190159
170731138 523030102 458106
239579611 216586968 163582
173957331 790462825 894576
411430859 868014370 857831
990713043 548236450 660499
856619518 221611003 861485
232213524 406640622 946672
645735153 260721932 191548
532079855 769670498 895302
510445410 980862378 368904
379137857 144564325 704826
552147748 914080725 725395
425587842 764209072 949726
563817426 162785541 890037
745337796 619133613 226950
779274630 242025353 707840
591405343 619602914 112777
282309609 854389174 325557
257082287 795004489 796363
169808605 576861762 466135
366901080 601775691 701158
287374563 758806359 581885
139341925 626832633 494136
531317820 897616523 226565
736497812 979181957 386559
691287987 416341088 376786
176129646 721653691 910707
975565526 998743540 337817
362914293 128583878 128422
996397595 344960101 895488
173183082 649555409 322155
576264667 928962110 619903
541830700 955779058 489933
193190636 761325683 774470
553041381 778992028 225119
733231560 945517277 693864
950970507 498083814 463505
486953685 908364614 814178
742579985 192976732 901350
731285844 860545852 989230
207517971 189853433 846580
917637804 864680004 259092
178076225 744757604 140673
980255268 289705190 599815
853674582 691830144 254995
533018738 466483189 225975
196980545 930350077 281188
413496392 622774251 330801
572556565 235057558 181928
474855848 890493403 921455
716973679 676743030 354030
288180681 320799360 520324
431843651 839419206 961379
828079721 355033513 675324
743638590 246639516 682398
972774707 159290792 275705
405100404 682861923 130313
299329477 727066855 514160
800390625 307436610 274006
527894766 273833675 494621
505339264 297921163 301138
766164192 563662804 320290
416383055 380377680 707670
143145157 596494105 564514
193303458 170086774 641085
439452069 643757621 177622
321613895 685227326 876964
211596512 491190631 354011
531433573 970636458 121179
390236991 858122627 714236
847007186 780286734 224104
975763726 970333282 191779
856786745 683188106 717115
146212009 720746269 126842
703238571 299666409 521340
590989346 540691168 844848
241268959 537158755 160109
892702690 448708193 159371
836060929 304616564 470698
373337214 862768503 720938
137311452 988989756 578200
747880785 895958149 555424
684359532 386361471 772683
863450162 372033770 237717
795022487 384843236 236334
298706280 343087199 350930
865567529 117542478 877443
326289969 325758838 408948
458530165 411679909 206271
601567917 168740857 406895
760457472 915955786 921824
832240919 202308770 521680
269171340 470003317 904778
768260181 367029355 653552
828100200 928024043 760452
699085094 885697517 346657
308359660 545852564 868419
363050143 144043496 101146
274960909 779754091 285833
554328048 313146482 870168
303922772 865533203 681971
592551037 791707451 728480
511343530 653258253 525134
232834961 387241580 727419
250194142 136696742 686359
792715229 442900637 371930
837786795 872021798 553892
118431602 698410217 578413
398434596 442327717 300487
241899992 774663057 154233
705445073 746994424 944718
177105250 121966132 261376
342076112 501112503 950759
635209096 272968826 189269
553513304 795806211 174836
733332719 613225511 253152
814378638 735733680 486631
360986597 196696664 373029
309289466 291169179 646724
605211615 689721484 156288
604831103 592175593 549748
134325667 760898803 225874
686395990 702117016 947799
900144418 146636930 478201
145360216 847662559 625630
155788810 133783400 864762
858149144 693939819 929644
185391796 339785206 428357
317145060 661486711 260052
859890457 732039241 303914
724359517 692291777 195451
362374657 180054141 538248
243456938 351847726 903093
255726002 780820060 345625
641780648 456991288 717363
401191339 217360435 883793
352861449 911471696 282237
197624761 585564597 681589
657108156 613729388 620867
288813081 100232225 547286
180248800 899768032 802347
605090357 946712255 907951
509971562 294934953 719631
938622623 841770943 732451
937081810 971547213 239637
719904240 972314520 743184
184787469 806312289 713240
325405899 275643054 922637
810764291 909708294 881302
604450182 953630879 648566
508069466 262608633 484388
495409693 905875869 899127
702038068 500012207 545732
836953404 810234347 680230
688165097 461914924 623515
436432162 825297674 499858
337482914 204155976 660920
813732296 561515331 105739
509508831 658146928 717446
704888769 767885654 657088
944651763 664761098 975386
892649675 210948587 256730
357276079 949983679 872215
750247043 835618807 118585
571970996 342437447 485849
108195040 903076617 406235
651581303 485551849 619093
925582961 333552781 753976
264946639 487989374 653261
605288575 800347289 446342
452831194 775507085 831207
803734094 632732274 244119
433520627 381513923 745530
720088800 479264355 487576
397798176 219961558 596628
713596321 938921943 941242
554739646 554358734 520314
819877295 160496831 946770
351003279 396275276 986895
331878709 597694202 273483
492621765 349391195 823332
330037595 913571270 497875
874017486 898415093 949027
631044202 921774673 315939
386623413 752051252 810695
894592440 330020955 682881
944055656 119576086 894618
935234681 466726496 585871
897388775 245396621 279111
479428895 932513994 379808
712133071 528713285 627430
925391666 692881447 144514
734200035 401456942 233717
646964167 811100110 665977
805779919 883430932 148373
158553848 494554838 961710
693475363 148664094 962810
903803880 421534145 335793
615605797 838277607 197470
934696154 667567035 394488
670276780 686202415 657433
634755073 679892907 986752
859134999 756227216 427951
692897415 112687040 783152
972504705 591557350 276963
681013479 478701577 138439
156629017 531631570 283741
552140600 154445659 848151
413440710 214459906 286476
568330677 967703388 902492
775530666 533452779 928697
731877368 573874668 801925
173771351 957159067 710510
872653659 661969194 284368
996791711 757562730 793928
562077649 347503365 750484
579106694 986902560 474290
438225198 249047891 458478
742019547 379230905 767985
130867973 611590602 229785
689757230 507599244 134908
132403159 453988449 182475
570472260 152007747 296326
484944210 749816269 239518
977353306 681119016 168434
407208990 814984939 153895
996298292 194552081 712186
360542048 639086148 130307
326407679 902092013 884019
219737372 481155854 730792
642959369 184226054 674399
817705884 569057091 412249
672390582 922530930 582934
973586888 870086410 435186
861981631 599327047 294393
237609278 540291414 260142
205537822 126885737 111603
445556387 458791232 343402
685467232 274801546 525620
661640470 158455446 156321
481132151 336375063 958779
540677961 114134941 885995
544111197 733965572 854433
114448848 893502347 645409
242116445 799483460 131394
686131434 455553401 128026
399914621 468711317 340232
286551554 994814931 264285
960949987 425529149 867059
450874916 633651135 517345
898099290 382560900 946182
894141909 440015399 472336
864060412 636725566 728975
412539188 378865916 113367
200252438 108328649 787861
977282673 843898945 947324
418887776 134999577 895903
450277946 549097962 768781
387621040 587714375 903912
276631036 518000879 520382
479284538 855046429 732354
344148734 699644835 303765
133037146 822145802 423829
737099855 675355472 252953
978125726 296058486 627541
756602838 895080974 799798
795543288 948217038 467332
495102076 370760730 254136
579234780 417539183 680867
895336631 139292322 184710
198613009 238213466 309422
689152337 192139508 802460
108132111 625157204 272762
581580241 959352588 709083
722979376 817950393 926233
781559691 278334827 871882
341354391 283850138 499777
665035029 504151247 931905
963072291 997798351 365756
748284697 385112822 437953
939318534 174556481 775262
277193850 760644627 124634
451668942 294465271 309116
590157984 704380866 647520
854942711 270780627 761606
697504232 357186689 343482
372165772 247719646 480142
503780974 666346601 976011
367485807 723665943 799389
657991934 994047021 465146
510675755 323753149 864076
148519466 330961672 487398
202387420 266855295 947253
679214219 933072821 234206
112571078 391090055 416512
533762449 165283560 646510
316452819 243945987 326640
256663065 403594728 903292
736421302 513156303 262787
719775640 509890805 860909
537893629 493057587 106543
546858547 195880159 190494
885027734 674807965 320550
551035469 645373754 801794
546854175 128889513 276239
523440764 334673111 258545
116642566 974243271 417026
129787748 600080789 263199
817890928 820704114 429072
313670642 105667048 311236
361842877 934646723 168625
791147114 140719312 369617
875463894 972053515 210029
325935495 687134803 259966
882003208 593995902 946678
685111036 498744679 235584
215090591 350875054 384814
306246689 244765064 185475
210692032 543225517 139648
571538763 226359547 779865
978941893 362300268 398871
789340717 327164278 837397
813464048 427534876 523473
160613095 888476118 584011
908761512 409455822 134940
420744659 728281131 110796
860889987 137962791 133917
925022598 572716916 939510
660399665 720896734 562469
724955545 238083954 115485
660117531 687909156 104065
920229121 536283186 493129
851075664 206692080 504399
430134737 356918074 220619
875141186 845645434 588189
838393446 962461420 499503
873579097 896699792 113147
859469213 292011893 635268
733048316 353574274 162677
736207269 793617028 280493
136480587 408536157 731399
608044998 132594729 975826
669416426 623987053 405785
983436042 233241546 403094
160922725 422335525 941795
228946791 373107289 274067
340917218 511363493 197113
875983648 983261920 814835
487051171 246201792 152282
752355543 258373442 857203
848856353 315104638 696476
279350153 482463851 412108
267981276 617067948 211390
253811498 127142540 351562
681831187 185698933 277457
328468639 813825313 950248
276761618 851654705 104102
891318331 155719345 309355
554293388 924327934 223437
923271565 325325874 237005
201174657 431416272 757554
251373550 519272218 169972
658111442 127667087 568418
793792798 467498189 534430
383664321 218317804 917110
103604589 684014009 866612
804696185 697302780 549579
143328449 434428231 645809
676546176 410138794 919821
667852182 103324378 810191
197586247 623185088 743023
287398867 612106003 490881
774549907 197380216 851144
463682012 781832994 681692
671695645 564224622 649580
333439800 361438810 164601
530659389 443300218 229808
176984740 944312765 146048
793995433 876068876 483478
244485389 253651484 815135
873754776 505900831 896796
299780673 469291476 679950
524905687 359247068 562620
367176453 413122496 690962
525268818 706466190 815676
803889966 225611856 654794
784847946 618116206 794946
311272846 937567949 548696
959039866 104228231 104049
626146458 303900319 457739
337013219 150800773 817812
952626461 635954004 458750
603826551 473903842 520151
303195622 889337357 917379
310496202 465732986 286101
444995599 848472290 676778
519872063 565052872 330756
789694533 266225180 492436
474600510 969424778 430872
752850892 224646689 443120
368751577 364687541 637024
240884710 607044678 251614
978454431 125573121 573527
186178866 437597344 816288
396498104 650569842 106694
850679783 614939450 470724
639127714 171409382 313154
457009996 236648411 358497
586452796 551012858 412998
249925123 600572230 702987
499692634 859139847 263542
215645534 773045896 915699
453491722 590032593 443200
980981590 208657476 377970
861709074 264165730 220002
540224248 337635081 642416
902591243 484811660 706024
159642447 459770915 859428
488754973 872982818 781971
502086205 565944029 698161
377886193 102365825 657001
166303281 697098464 123816
135868475 463221076 689684
453193567 477222002 278328
835829439 385627815 643807
113448724 712400658 681219
763722580 834837118 707507
787146747 447506798 109514
855764396 988431382 292590
719427756 428916298 747965
553141047 835920042 271797
495597419 940003838 935600
207747533 292676643 381288
348226132 302481848 834992
287506118 897872265 471626
337932454 812228527 102901
218402636 475251374 124262
746183126 405294591 239489
278386836 489114141 949890
947979751 373604735 529591
986924069 696272873 491234
590585955 282685920 124481
417632706 677170489 114409
137271315 984801026 885185
664801651 228477524 149520
963430444 615544908 154163
797963902 553457716 283115
480413088 172844583 755414
592736925 516502954 850803
906721480 604783303 729520
712561152 809905941 224305
331031018 797151206 147273
440046914 986105839 547417
314536966 268667096 667720
170518556 700532060 969374
757956144 521470165 844643
423954820 575975120 863496
479389802 823367623 647741
799045940 452201957 841086
643033859 802636906 855595
980623577 438996127 786779
668779149 891982145 245131
317187428 841522799 107258
917241176 296852202 549880
903573883 786268083 511543
656279249 506842145 174969
571255057 766841071 900596
378016604 907407324 362107
904067793 967091235 107671
544729765 737428869 887279
608211932 136141808 190978
671796748 631647286 617357
948536390 284682441 624169
432271187 957980143 577215
424623198 797385594 113931
557179959 328855471 900838
684859026 311422438 225279
150920908 714123228 313847
504034361 365570248 300635
230801990 918696845 316987
799308620 582343893 437635
421829953 926414058 208627
345192585 344359841 168383
328801362 399875615 134235
793364074 177449522 363301
551792254 191012402 534329
544003023 819526814 703759
379296215 280775808 639774
363745464 551968108 956547
907520627 477731479 649633
622296125 213406140 348411
615241152 332183674 765680
371421303 288244403 584569
316375797 207401730 531267
195199105 123357539 828374
916093443 187679687 391528
179261907 669803422 690046
719195766 843177369 428881
582419862 383848684 988609
974296124 987472254 603050
896887718 993038202 645273
860242323 876998253 122390
331197860 837630527 354153
926444757 166616451 533527
442866929 529954012 435063
314701770 367951285 924007
208319886 483802085 438942
372043233 285734771 221879
362972913 901000177 680681
670216564 748144129 847802
207355318 854096088 135360
992914602 595611616 266212
518122472 941590845 667495
120501729 398114271 622505
419304268 104341660 588519
344887861 738353069 953744
659481339 771373727 451855
128384461 965813476 239969
330050602 980064056 658051
450104494 833147190 318363
478607470 233677257 356378
310612681 938264771 525049
445263311 976059610 546006
806923745 199020566 154733
678483043 749587642 198488
243827487 878078412 228846
133358603 709703652 807868
961251841 807996457 162930
418474574 443621411 243715
111424657 804590067 319298
802580764 892354680 762285
596883391 227284496 335823
379622261 230208610 964435
541593187 287219077 276782
866482108 393774160 635775
544892472 707978715 723467
687229656 480180985 340660
527973988 690109009 346337
350412885 773968049 287493
360957306 776722507 858679
738117254 869086674 982121
329093299 409728194 153414
100221988 433687786 450080
337635534 765345276 328451
734252860 903970372 617966
887825157 394411005 758349
790013362 354348648 460162
818818753 866569755 895491
945720658 495811769 376206
172769039 992353372 603553
592981911 308319826 582441
652046165 472721691 552333
798519402 486855746 418130
689381814 716427117 735579
250857087 677522308 913059
917794507 260259929 278451
922218499 538081697 254370
392136238 935930750 453540
329368783 884621098 107828
873808381 350292587 357786
865042569 211361238 446891
293289344 231532297 801872
675401218 596130852 267373
672450862 159894544 268514
233852426 881378418 549673
330333736 492151200 655350
677362027 602592300 872674
921617431 752975292 184856
188704904 652816802 122772
228335047 420264145 530271
548918364 124579531 712290
436079630 400136427 930515
474957079 106075313 550034
319386574 816784960 205071
481093838 544461107 554235
422440086 392726097 934390
161621862 560389511 984972
848060064 341504456 176239
180536944 724476505 551027
299304058 203289527 254680
907497702 402559093 787573
213095012 427100068 328270
713246873 622046826 615685
124101647 413824419 327373
600253705 325052971 207336
493394850 433412714 181802
420835766 741894658 185316
891654262 369873830 773217
599507542 309578760 706739
352546116 990764408 804574
595616042 465252641 256574
288359105 961713424 120982
488730675 505305298 158273
671987223 608468771 562983
273962185 571193089 201141
988954938 772255451 740678
507281028 894579976 319013
227925810 584072996 437547
622814925 517690863 282305
733011451 316562196 647927
899920326 929667762 553879
206345541 375899991 589745
537333269 426657964 163402
396884589 458142558 259767
459805364 167397468 830683
106278510 826206680 468209
633812534 729622510 386739
664596007 847133056 475792
270824347 287050767 158598
548305352 759579582 959801
873487075 198350892 592394
252512728 859590664 906882
440476202 763363917 621204
833793813 121004130 861373
868874473 831242867 265373
843451854 273534214 272675
135288667 441537737 353359
207393889 107493588 693673
673007994 415604342 216229
773633350 943626436 454906
699717825 720285766 351874
951605975 672456389 980247
576471206 176154636 589794
833213064 798317687 140553
636981116 131547982 623899
274936493 179496843 267155
104461563 306841798 348787
603589429 722907651 525397
648251227 414988994 531264
307795702 578948143 307501
571651364 850365052 343229
471337642 762243835 403690
538007868 240611022 586330
614149066 648957458 178156
234232557 668047900 299266
288320501 609407946 295134
176552968 153343880 502663
878916815 659376513 190849
610051011 934976819 485516
250225845 419362419 532938
671310506 636547109 145948
535013778 728564858 600929
992773909 637729410 560223
343248115 755998021 103689
933449217 956572884 412476
390147105 239332394 677691
807201074 675798654 920027
226208664 201604134 332585
542775662 157553755 256218
397484399 209490569 446969
734274877 821711842 260658
535472170 555150501 431597
252117401 435657640 416344
703638423 812701729 508530
154556021 550373907 388805
998951691 688924011 372312
372371594 541968285 107772
923499930 801163344 281156
974114470 836332894 171890
737904511 673629755 801348
505976795 904825643 269224
373381756 750692472 667281
710688438 527815085 832904
509189090 183224782 258704
574397885 358843447 240348
936006848 164448460 763026
474363366 816266066 124065
871833483 651195530 665344
839051703 660560668 328249
578796742 831941215 282143
906303498 717468432 121192
681639685 787940806 703136
200645373 695815604 355003
159423513 589486499 126608
757462895 340903082 412426
311824061 882693800 196241
269664414 799651314 482256
514533532 537327856 538571
788050992 314517290 167343
964520971 556240602 629533
185915535 237600144 261926
392427807 853194656 120129
166982679 282825308 300875
115193799 225429252 108143
967041945 735423699 118006
930959699 442000609 176518
855029589 781292936 116408
382322211 769009573 568397
582506836 156067990 633556
735424703 360293791 594500
142333120 486211891 236376
731963405 844996896 460010
174946772 745374684 853478
949289608 242764031 318180
879477671 853731158 281206
923850087 621805333 202387
920607259 214079663 315669
813879753 395889316 160409
283105262 975268219 371538
753770158 147596111 266982
262833164 746755300 147867
722236810 293723876 361136
785910437 923228610 127642
642263574 669391691 391312
938459367 663638836 321995
473037853 958723663 163831
596378588 628445012 275143
385557093 490163251 497739
974180085 428197406 109267
960405841 874008870 562917
580873870 527049063 353005
398186957 988100076 148336
173629089 920208426 923003
922032950 389151596 713094
654834353 634574573 539564
524854357 216393741 103944
370224067 822827200 221053
647299797 827418717 514857
480412500 880100641 350410
610312568 444019906 607131
333490021 543423501 453206
617284685 126583167 142081
386568242 713782290 332672
724422337 288840448 230628
548969875 915320193 157090
953225531 925671722 477487
654698713 447690697 803138
445211391 610584442 748190
527411113 562655397 741888
459945125 850052872 188908
379507871 301407214 727309
704265261 115359378 110813
873056692 547104446 239760
258324189 152987906 164485
373820261 598101190 797289
198354002 583473011 111480
964641900 312505612 570959
749497167 607405781 499797
881085291 964141630 170493
743202738 670580881 327606
851268963 118519207 458176
824251702 532096838 758779
298301224 640882417 597844
958361964 522547670 390454
666001873 318687655 581041
389429184 496626120 403030
966834870 681315549 739133
842589291 770643176 611969
746482164 742525557 951508
261779399 281759337 239833
277336414 464785586 299356
740166572 205077837 846685
349285887 990111987 433015
183724033 820288960 330191
495985872 520514719 527142
235324076 954465855 453518
662237923 787416610 435376
676520111 472027386 110304
763869279 520157657 212005
499035465 715344957 741365
279984903 644989773 282331
630425145 503454457 640834
674570731 502444050 430790
122757660 638694054 387756
388268335 749264955 260924
312512920 580590962 496486
592772805 249729146 933507
611332381 732510776 513665
397608861 306246160 519594
379004747 809037410 806119
741181490 346742309 689674
604738334 973362657 216571
940427409 257208805 729939
920089505 570515982 418594
483688516 129351780 302908
671287912 255130748 983804
595127246 678707576 421741
371502198 912079633 597871
753453847 215674576 441483
251258335 689372251 347346
962387047 519630898 439916
345296629 796596923 179256
826125516 449116554 540461
886183148 524466679 206194
853304388 616039212 414158
384159512 691697215 124465
461873816 351365592 302312
907623837 708950235 684146
326563519 279333854 362610
563594775 305198009 674794
617239625 630979326 447466
746846170 424468539 638717
729068368 338738903 656196
460719642 115803217 873416
783707669 239021317 140366
250627388 657371419 493257
641963553 743983452 204211
805338811 392088378 335850
455764830 424007319 311509
492745874 575254044 125707
202627960 139843089 875132
175329243 371040787 815986
851249764 914858375 139824
765916902 229067811 144357
366258269 260935868 871112
946463924 930962184 266995
668668638 378391054 187460
285924748 863847418 532685
765344409 455950212 467465
868922879 704109185 111125
704302751 671417640 528616
903803129 340738800 152829
910651445 475858254 505070
797971420 411159632 105278
877997799 703186948 239006
818780557 180880429 346162
411062156 808241368 120751
798469346 451199456 664349
290663074 511779556 674589
831295290 318156924 428118
451094847 109260713 168971
398340309 322653771 981629
961089697 376893382 762189
826931176 906796703 279765
453453712 446915651 464131
464557164 792803751 463801
784501674 897248789 362256
938332303 918154033 408168
802044538 582834220 358317
871986772 644706441 234876
569709475 417138445 325393
615916690 718385944 234289
997575344 569767049 526079
787252277 798604524 684432
717214121 525847141 310910
547051111 107243854 152523
355172392 145983798 451277
842701437 152327937 341173
414383811 650731603 315457
900327747 141292835 673680
762991235 388165342 728729
778723801 545033307 807472
702879827 836606819 595599
443198491 321903161 607465
342396641 635720698 195359
302645640 878670626 707922
995790554 557180391 315486
363068018 871862502 150782
758712425 947801290 312419
822878352 705895993 460639
303480561 534399778 315982
108018564 509155053 523336
800947823 376511495 322650
480972858 666049651 222977
887741986 955283152 425359
805995517 116772281 568953
552409855 626044713 673235
683185821 109717353 154473
430023572 933552919 256701
188462022 577829062 270062
661286992 591343731 202451
729631364 411910331 962937
998110960 110415944 212937
229082223 960825969 202696
453757348 161470161 538127
118565044 605618562 724628
560449848 440850870 158583
975717155 535371657 464080
736717319 227815904 614589
878199738 586850189 176694
254090938 556057040 138001
886965570 965374040 130741
826783498 659034954 287214
250418799 916918222 251785
639518581 388978527 113742
818505233 106906177 202945
770568306 656427021 507045
665386911 538577010 153611
182407272 523930199 276106
407306641 966395642 247854
984092100 539776532 217859
345780766 219299321 161544
654592307 282301564 307713
972927771 647690203 488332
585041812 122997105 219316
911961175 195434634 159464
435721077 927420549 552061
676045501 875439141 576787
344072775 346072477 248882
330055821 745112766 253482
790668615 472167788 438218
496140099 401881936 638549
541926521 183880302 116991
151891492 815671487 257040
431396408 829541016 510304
451626230 782817858 838775
376667022 530534850 450479
746116398 925402118 231307
407672617 542448987 114620
989028805 789582629 735805
267667010 731029740 512268
348146723 958561505 139687
605131480 432893735 309691
764896858 620568764 431955
491809760 646638133 249076
380992363 735267667 105264
534808199 655748125 505660
205790444 220711028 419838
826272835 771829498 152219
285658896 995183410 986947
892770866 884835949 465476
573917204 293363287 295086
370800090 460711925 438988
598572049 429804584 484631
966711725 679535061 274496
481027095 751610334 308852
762901163 857264159 573967
887726190 832374919 419837
922055142 182177446 207372
423923032 639482977 362400
383425689 886507936 270269
984669484 577384511 131890
436847626 353117102 162030
608671746 493785948 475995
290794758 531082034 462267
981170536 300919533 452279
270406055 418481532 336720
218118272 341920599 343314
858241955 539113705 146685
814045883 796134242 420508
361307526 597149857 207597
225599262 999766636 125514
571496231 298787900 280942
444062933 189455741 166741
344294481 856576135 103387
795179453 482895156 642808
224749061 877276299 375044
260868899 887931609 228700
632659064 989673434 359720
339903779 361645879 194543
850774444 912791451 579248