329744842 545257788 2132329
978683668 536675181 3841148
348024323 927660808 2911656
989589120 128200379 3676139
322957221 180428304 4682820
199881866 876293327 4803128
511870596 606817009 3339627
658615687 262895811 2630612
866892217 493206417 2206805
576978706 306887580 2808257
579484977 328787455 3076260
654457876 910395608 2390366
120842167 631688614 3117411
328669848 839766757 4834641
643832633 436774716 4693110
601853845 119629736 1088159
318364805 259609611 2640994
673310444 824498071 3086195
495309476 322264164 4004707
272522585 238755742 2678170
981772421 502476007 2989419
319286403 344222431 1045916
229128209 552705789 1740866
333521077 541411320 2505910
635229801 810439283 3332063
984042792 832088697 3806914
978557827 769024778 2601634
617001516 365489449 1800418
575252326 277751530 3972210
330247205 678636763 3338197
651543447 846301631 1249423
800518538 592248654 3056142
753799761 615890479 4929428
849787753 717799598 3874481
645638030 113587427 1718046
900502403 829553945 1016250
285229958 286284373 4983908
593518461 707387084 2641155
421165778 650601402 4061205
940381712 804225106 4856868
328021468 446188444 4924030
596349693 168225685 4333999
223923500 369294015 2335218
646607436 980214973 2621887
515911411 345940761 4499951
903255519 377556347 3886089
355612495 856740635 4055492
123441580 451350198 3465197
372137362 100867705 4699159
393335854 548506556 2410646
777256575 216389210 1806430
491537739 162927759 4169239
325225881 456945648 2021176
228155182 701042125 4922833
302100264 774790295 4592061
866657500 484592057 4392399
919064341 442427299 1379486
246393651 566428541 3392626
132616065 409138098 3486729
957489771 211120729 2151723
352695640 416075207 3783751
170844505 157075474 4052015
750160884 815279756 3322812
325512585 933753077 3603185
174544236 192200428 4547964
272959754 534446585 1683039
613209511 316910501 3183773
545340114 589277535 1812742
391328254 611198446 2204674
643758133 885111838 1993817
955662995 561014340 4599257
859703443 952746291 1654439
426854186 139799227 2304774
127756027 218871772 3713368
796336962 971316828 3546620
823286984 988011300 4884378
874915332 506735719 4893704
367525322 313712235 2481568
712821679 895062419 3331563
236154268 745195619 4191142
139005028 688975788 3938420
425924503 460157720 3615856
639143964 698352096 1056791
397942438 298670025 3679437
213649462 392514264 4274943
868537884 136716778 1429546
817098237 433122114 2379094
911577214 655032380 3876236
348694570 787476638 2190216
828277186 111772568 1354677
150184438 109999765 1567402
126466776 738651358 3973730
287954277 865311403 2804936
658273109 642571345 1621094
697807448 402789976 3431751
574743013 472066235 1015225
322901919 465328352 3898596
771481127 120990665 2789846
513997013 125371321 1220256
112560694 919517541 4464645
812481014 152969632 2774812
748086148 728062820 1937136
386429768 371856835 3074711
401199646 558505179 2187359
636689821 761045950 4831249
857608706 914890462 3472083
358952143 495734031 2200495
161230584 272418420 3763289
726084041 580187298 3218853
959885088 627086303 1495041
238189713 228985433 1793214
355765461 233361269 3868699
407701029 359589270 4491566
118087118 993740645 1061144
800381840 793425114 2686365
735793405 231558411 1621662
271691254 499488530 2603186
612233303 646613113 3149537
337148817 246787370 1603762
778330891 871480147 3007497
633767294 800341638 1406535
531613092 682380238 1587887
544427298 848370083 1305132
405564977 659886056 4672975
470618285 597882604 4493895
685569251 779811315 2895553
198147430 186885643 3180108
130436378 850841221 2888494
736206262 903004553 1318830
841283325 637038386 4314739
992252274 943541675 1708038
570786462 723628066 3496399
765975205 963746423 1383629
971522344 145202251 4474225
942725467 253635863 4507284
949001765 202879638 3815144
327981170 670587409 3616064
442961328 283103441 3175935
217906436 336537235 4450264
165826783 527931112 3892496
574058949 341653129 1114844
241514311 957106176 3276820
347232185 206709440 1511148
288061734 574892278 2119693
776221858 684046132 3513970
406274380 332409459 3281663
645390134 267524922 2464444
125555533 570419583 4384936
576930370 694205935 3546960
643004460 736273282 1596872
783653230 554618339 1622258
686081539 519883322 1621131
355220078 621634876 4090408
694366343 891702743 2666936
662283235 225817317 1478480
320122349 270285609 2052081
952028736 782740676 2199421
995996321 429346783 1469869
795688344 175467239 3924692
421651941 473577084 2810464
772419977 946812757 4664298
816504029 868168421 2753508
511928216 714623603 1855839
132558752 383373372 1430150
569599605 854628871 1097322
946001720 797635924 1250460
796886795 667039876 2635531
275154771 292065423 1135096
386496009 995149096 1931465
222863961 293905423 1073706
855453992 584411712 3924938
318588318 757233448 2568669
160826330 243650587 2636368
746371452 512611036 4713257
707774022 602450099 3211058
273487463 730795736 1698628
723003467 350745830 2564808
425698966 138602152 1174074
354581255 133453132 2816538
744425643 751472108 1307872
652917243 295584424 2614432
643750817 353496555 1836475
627210234 940940197 1858509
487545121 578369619 1174136
335522525 742783375 1960729
101870519 250471076 1273694
159099993 888044214 1648021
559980557 398486061 2375572
861445540 421012322 3244068
320445998 861051190 1756800
740050567 522793101 4586059
951210227 355919628 1984870
941419925 477119912 2837800
521182693 863584849 1545114
991464419 665448126 1306747
713268848 644240569 1239590
205522686 425288758 3381268
528984749 789669204 2772027
321297871 490848061 2065581
336727086 106631404 3149808
703912942 750127688 1024603
824263065 613901471 1966845
704717130 961136265 1814629
983096492 142856955 1582503
922226657 997659441 1005214
963352491 899919442 3000202
219294223 374949629 1500080
721170168 755120188 1769580
652454943 908680018 1687179
604558686 172934785 2193104
254025011 975556011 1352293
762484330 984024448 2650921
289791213 385822812 1127004
166349592 115631447 3205854
612871442 890025880 1388801
390420921 198494123 2515780
580498921 712293176 1655439
792443220 904962884 2695861
497552229 819175463 1111452
393193769 387758801 1564950
656227985 480696835 1139398
551554233 532125342 1266950
295347835 828464400 1043795
990852977 836409015 3109258
236002161 674819452 1161993
216898389 732716654 2068986
609295511 309990299 2366696
417485388 628771897 1229741
723591125 938843524 1065305
622406834 802084530 1158865
723003652 208452983 1432893
549622674 413725644 1735894
316826326 930665523 1982906
303575620 925339205 2185479
770887850 967251462 1590818
684080468 389422444 2576244
396635651 821475035 2433618
635857771 397058643 1270480
702805366 326806696 1437891
408532869 505536179 1144477
391213309 201226238 1478829
903988340 954440212 1995377
358130230 881457737 2237596
700821326 722308830 1099406
212584055 455592768 1002332
301499863 772554534 2139437
456685984 766631822 1000807
507819190 150113131 1594169
341961670 248473848 1591703
886426990 965388777 1209026
701602592 223091296 2502519
931280751 676304357 2060470
848937689 302710174 1678020
597232262 213392203 2139148
550365395 710392653 1529505
181414046 406523632 1842950